[gd_scene load_steps=24 format=3 uid="uid://bl5pbit0uif4y"]

[ext_resource type="PackedScene" uid="uid://ci52bv1m15cbs" path="res://cars/Doge.tscn" id="2_pfrbg"]
[ext_resource type="PackedScene" uid="uid://bqr68f8s121kc" path="res://Scenes/RepairShop_Desert.tscn" id="5_2w03t"]
[ext_resource type="PackedScene" uid="uid://deqglkdimb37x" path="res://terrain_006.tscn" id="8_12t3d"]
[ext_resource type="Script" path="res://Scripts/RepairShop.gd" id="8_37jrt"]
[ext_resource type="Script" path="res://Scripts/ItemSpawner.gd" id="8_d1rq0"]
[ext_resource type="PackedScene" uid="uid://dgv8m3ryvp0l" path="res://Scenes/TransitionScreen.tscn" id="8_g335n"]
[ext_resource type="Script" path="res://Scripts/ui.gd" id="8_j768l"]
[ext_resource type="Script" path="res://Scripts/FogDamage.gd" id="9_j1v3u"]
[ext_resource type="PackedScene" uid="uid://b1fvyuqtg3w6b" path="res://Scenes/PauseMenu.tscn" id="11_anxlf"]
[ext_resource type="Script" path="res://Scripts/FinishLine.gd" id="11_ton7g"]
[ext_resource type="PackedScene" uid="uid://dd4m85ilus2n3" path="res://Scenes/Finishline_002.glb" id="12_m8rbf"]
[ext_resource type="PackedScene" uid="uid://c26emnmr85an" path="res://items/item.tscn" id="12_s88ep"]
[ext_resource type="Script" path="res://Scenes/Path3D2.gd" id="12_vcift"]
[ext_resource type="PackedScene" uid="uid://cbcqk0ohbtroe" path="res://items/item_gold.tscn" id="13_iqn12"]

[sub_resource type="ProceduralSkyMaterial" id="ProceduralSkyMaterial_stkyv"]
sky_top_color = Color(0.419608, 0.54902, 0.619608, 1)
sky_horizon_color = Color(0.654902, 0.679505, 0.688152, 1)
ground_horizon_color = Color(0.654902, 0.679505, 0.688152, 1)

[sub_resource type="Sky" id="Sky_1hegq"]
sky_material = SubResource("ProceduralSkyMaterial_stkyv")

[sub_resource type="Environment" id="Environment_76sc4"]
background_mode = 2
sky = SubResource("Sky_1hegq")
tonemap_mode = 2
ssr_enabled = true
ssao_enabled = true
ssao_radius = 1.5
ssao_intensity = 0.6
ssao_power = 32.7849
ssil_enabled = true
sdfgi_y_scale = 2
glow_enabled = true
volumetric_fog_enabled = true
volumetric_fog_density = 0.0

[sub_resource type="Curve3D" id="Curve3D_dajaj"]
_data = {
"points": PackedVector3Array(0, 0, 0, 0, 0, 0, 366.838, -14.9437, -185.819, 0, 0, 0, 0, 0, 0, 306.354, -23.1305, -186.418, 0, 0, 0, 0, 0, 0, 265.281, -21.0055, -189.753, 0, 0, 0, 0, 0, 0, 243.514, -16.7231, -205.902, 0, 0, 0, 0, 0, 0, 234.191, -13.9014, -226.483, 0, 0, 0, 0, 0, 0, 211.143, -24.6582, -291.749, 0, 0, 0, 0, 0, 0, 257.199, -19.4752, -307.518, 0, 0, 0, 0, 0, 0, 273.591, -21.8492, -338.751, 0, 0, 0, 0, 0, 0, 255.965, -18.7515, -364.46, 0, 0, 0, 0, 0, 0, 231.703, -13.5664, -372.996, 0, 0, 0, 0, 0, 0, 196.941, -14.2927, -357.44, 0, 0, 0, 0, 0, 0, 132.243, -6.53817, -355.863, 0, 0, 0, 0, 0, 0, 72.4893, -23.9176, -343.906, 0, 0, 0, 0, 0, 0, 7.06034, -17.2627, -322.343, 0, 0, 0, 0, 0, 0, -27.0935, -23.8596, -286.328, 0, 0, 0, 0, 0, 0, -55.7454, -18.0592, -252.335, 0, 0, 0, 0, 0, 0, -80.7415, -21.2113, -284.196, 0, 0, 0, 0, 0, 0, -124.35, -13.5008, -325.747, 0, 0, 0, 0, 0, 0, -167.821, -15.0719, -326.8, 0, 0, 0, 0, 0, 0, -209.634, -10.0614, -295.894, 0, 0, 0, 0, 0, 0, -273.573, -14.4261, -247.502, 0, 0, 0, 0, 0, 0, -285.433, -18.7258, -213.78, 0, 0, 0, 0, 0, 0, -278.292, -24.3618, -188.932, 0, 0, 0, 0, 0, 0, -254.144, -22.704, -160.747, 0, 0, 0, 0, 0, 0, -263.838, -16.802, -142.001, 0, 0, 0, 0, 0, 0, -297.091, -10.309, -117.837, 0, 0, 0, 0, 0, 0, -310.673, -13.1781, -86.5227, 0, 0, 0, 0, 0, 0, -302.752, -14.6007, -62.6246, 0, 0, 0, 0, 0, 0, -247.389, -7.4331, -25.8298, 0, 0, 0, 0, 0, 0, -245.823, -6.06813, -12.0012, 0, 0, 0, 0, 0, 0, -274.996, -12.9171, 34.7541, 0, 0, 0, 0, 0, 0, -282.876, -2.39155, 126.046, 0, 0, 0, 0, 0, 0, -267.581, -10.7092, 181.895, 0, 0, 0, 0, 0, 0, -232.951, -16.0453, 256.905, 0, 0, 0, 0, 0, 0, -213.743, -6.68364, 304.646, 0, 0, 0, 0, 0, 0, -192.56, -3.89437, 323.86, 0, 0, 0, 0, 0, 0, -180.417, -14.136, 383.015),
"tilts": PackedFloat32Array(0, 0, 0, 2.72789, -0.0774551, 0, 0, 0, 0, 0, 0, 0, 0, 0, 0, 0, 0, 0, 0, 0, 0, 0, 0, 0, 0, 0, 0, 0, 0, 0, 0, 0, 0, 0.31721, 0, 0, 0)
}
point_count = 37

[sub_resource type="BoxShape3D" id="BoxShape3D_isv20"]
size = Vector3(14.0853, 16.2014, 14.341)

[sub_resource type="Curve3D" id="Curve3D_ttuuq"]
_data = {
"points": PackedVector3Array(0, 0, 0, 0, 0, 0, 895.725, -68.1742, -76.9819, 0, 0, 0, 0, 0, 0, -444.799, -54.2591, 803.756),
"tilts": PackedFloat32Array(0, 0)
}
point_count = 2

[sub_resource type="FogMaterial" id="FogMaterial_qahue"]
density = 0.1
albedo = Color(0.796078, 0.741176, 0.576471, 1)
emission = Color(0.796078, 0.741176, 0.576471, 1)
edge_fade = 0.131951

[sub_resource type="GDScript" id="GDScript_siapo"]

[sub_resource type="BoxShape3D" id="BoxShape3D_m0uy5"]
size = Vector3(2004.36, 200, 990.847)

[node name="Node3D" type="Node3D"]
script = ExtResource("8_j768l")

[node name="WorldEnvironment" type="WorldEnvironment" parent="."]
environment = SubResource("Environment_76sc4")

[node name="DirectionalLight3D" type="DirectionalLight3D" parent="."]
transform = Transform3D(0.80696, 0.183487, -0.56138, 0, 0.950516, 0.310677, 0.590606, -0.250704, 0.767028, 0, 43.5687, 0)
shadow_enabled = true
directional_shadow_max_distance = 200.0

[node name="car" parent="." instance=ExtResource("2_pfrbg")]
transform = Transform3D(-0.0805992, 0, 0.996746, 0, 1, 0, -0.996746, 0, -0.0805992, 463.674, -21.1309, -196.432)
collision_layer = 15
collision_mask = 15
engine_force_value = 200

[node name="RayCast3D" type="RayCast3D" parent="car"]
transform = Transform3D(1, 0, 5.96046e-08, 0, 1, 0, -5.96046e-08, 0, 1, 0, 0, 0)
target_position = Vector3(0, -2, 0)

[node name="ItemPath" type="Path3D" parent="."]
transform = Transform3D(1, 0, 0, 0, 1, 0, 0, 0, 1, 3.936, 40.255, -8.418)
curve = SubResource("Curve3D_dajaj")
script = ExtResource("8_d1rq0")

[node name="PathFollow3D" type="PathFollow3D" parent="ItemPath"]
transform = Transform3D(0.00990275, -0.134117, 0.990909, -7.45049e-09, 0.99095, 0.134124, -0.999939, -0.00132821, 0.00981332, 366.838, -14.9437, -185.819)

[node name="RepairShop" type="Area3D" parent="."]
transform = Transform3D(1, 0, 0, 0, 1, 0, 0, 0, 1, -79.614, -18.388, -313.934)
script = ExtResource("8_37jrt")

[node name="CollisionShape3D" type="CollisionShape3D" parent="RepairShop"]
transform = Transform3D(0.962075, 0, 0.272784, 0, 1, 0, -0.272784, 0, 0.962075, -13.8298, 2.11184, 15.3897)
shape = SubResource("BoxShape3D_isv20")

[node name="Repaishop_desert_006" parent="RepairShop" instance=ExtResource("5_2w03t")]
transform = Transform3D(0.969872, 0, 0.243615, 0, 1, 0, -0.243615, 0, 0.969872, -24.483, -0.643, 18.115)

[node name="RepairShop2" type="Area3D" parent="."]
transform = Transform3D(0.997625, 0, -0.0688859, 0, 1, 0, 0.0688859, 0, 0.997625, -271.291, -4.552, 97.85)
script = ExtResource("8_37jrt")

[node name="CollisionShape3D" type="CollisionShape3D" parent="RepairShop2"]
transform = Transform3D(0.962073, 0, 0.272783, 0, 1, 0, -0.272783, 0, 0.962073, -16.6819, 4.00089, 16.1984)
shape = SubResource("BoxShape3D_isv20")

[node name="Repaishop_desert_006" parent="RepairShop2" instance=ExtResource("5_2w03t")]
transform = Transform3D(0.969872, 0, 0.243615, 0, 1, 0, -0.243615, 0, 0.969872, -24.483, -0.643, 18.115)

[node name="FinishLine" type="Area3D" parent="."]
transform = Transform3D(0.990511, 0, -0.137445, 0, 1, 0, 0.137445, 0, 0.990511, -130.489, -22.395, 427.946)
script = ExtResource("11_ton7g")

[node name="CollisionShape3D" type="CollisionShape3D" parent="FinishLine"]
transform = Transform3D(0.635673, 0, 0.771958, 0, 1, 0, -0.771958, 0, 0.635673, -8.86946, 6.53085, 29.6586)
shape = SubResource("BoxShape3D_isv20")

[node name="Finishline_002" parent="FinishLine" instance=ExtResource("12_m8rbf")]
transform = Transform3D(-0.745696, 0, 0.666285, 0, 1, 0, -0.666285, 0, -0.745696, -13.9561, 3.8927, 25.4704)

[node name="TransitionScreen" parent="FinishLine" instance=ExtResource("8_g335n")]

[node name="Terrain_007" parent="." instance=ExtResource("8_12t3d")]
transform = Transform3D(1, 0, 0, 0, 1, 0, 0, 0, 1, 2.08165e-12, -40, 2.08165e-12)

[node name="Path3D2" type="Path3D" parent="."]
transform = Transform3D(0.989037, 0, 0.147671, 0, 1, 0, -0.147671, 0, 0.989037, 350.784, 57.0645, -693.654)
curve = SubResource("Curve3D_ttuuq")
script = ExtResource("12_vcift")

[node name="PathFollow3D" type="PathFollow3D" parent="Path3D2"]
transform = Transform3D(-0.549092, 0.00725012, 0.83572, 6.98481e-10, 0.99994, -0.00867506, -0.835743, -0.0047634, -0.549077, 895.725, -68.1742, -76.9819)

[node name="FogVolume" type="FogVolume" parent="Path3D2/PathFollow3D"]
transform = Transform3D(0.999994, -9.76236e-05, -0.0032742, 5.59646e-05, 0.999919, -0.0127205, 0.00327522, 0.0127202, 0.999913, 43.9433, -7.07261, 488.878)
size = Vector3(2000, 500, 1750)
material = SubResource("FogMaterial_qahue")
script = SubResource("GDScript_siapo")

[node name="Area3D" type="Area3D" parent="Path3D2/PathFollow3D/FogVolume"]
transform = Transform3D(1, 1.94026e-10, 2.38419e-07, -1.94026e-10, 1, -5.43272e-10, -2.38419e-07, 5.43271e-10, 1, 0, 0, 0)
script = ExtResource("9_j1v3u")

[node name="CollisionShape3D" type="CollisionShape3D" parent="Path3D2/PathFollow3D/FogVolume/Area3D"]
transform = Transform3D(1.77158, -2.66416e-07, -1.43051e-06, -2.23285e-07, -1.77158, 6.71716e-08, -1.32322e-05, -2.16532e-08, -1.77157, -1.14844, -1.52588e-05, 1.04517)
shape = SubResource("BoxShape3D_m0uy5")

[node name="PauseMenu" parent="." instance=ExtResource("11_anxlf")]
visible = false

[node name="Item" parent="." instance=ExtResource("12_s88ep")]
transform = Transform3D(1, 0, 0, 0, 1, 0, 0, 0, 1, 270.603, -21.274, -196.88)

[node name="Item2" parent="." instance=ExtResource("12_s88ep")]
transform = Transform3D(1, 0, 0, 0, 1, 0, 0, 0, 1, 216.057, -21.9243, -285.181)

[node name="Item3" parent="." instance=ExtResource("12_s88ep")]
transform = Transform3D(1, 0, 0, 0, 1, 0, 0, 0, 1, 145.43, -6.28673, -364.849)

[node name="Item4" parent="." instance=ExtResource("12_s88ep")]
transform = Transform3D(1, 0, 0, 0, 1, 0, 0, 0, 1, -20.0413, -23.4186, -296.532)

[node name="Item5" parent="." instance=ExtResource("12_s88ep")]
transform = Transform3D(1, 0, 0, 0, 1, 0, 0, 0, 1, -219.86, -12.742, -292.309)

[node name="Item6" parent="." instance=ExtResource("12_s88ep")]
transform = Transform3D(1, 0, 0, 0, 1, 0, 0, 0, 1, -269.679, -24.0898, -187.547)

[node name="Item7" parent="." instance=ExtResource("12_s88ep")]
transform = Transform3D(1, 0, 0, 0, 1, 0, 0, 0, 1, -267.79, -12.5081, -47.8414)

[node name="Item8" parent="." instance=ExtResource("12_s88ep")]
transform = Transform3D(1, 0, 0, 0, 1, 0, 0, 0, 1, -277.505, -11.8952, 45.071)

[node name="Item9" parent="." instance=ExtResource("12_s88ep")]
transform = Transform3D(1, 0, 0, 0, 1, 0, 0, 0, 1, -268.208, -6.98971, 157.42)

[node name="Item10" parent="." instance=ExtResource("12_s88ep")]
transform = Transform3D(1, 0, 0, 0, 1, 0, 0, 0, 1, -177.893, -8.13405, 343.782)

[node name="Item11" parent="." instance=ExtResource("13_iqn12")]
transform = Transform3D(1, 0, 0, 0, 1, 0, 0, 0, 1, -309.078, -7.22441, 120.293)

[node name="Start" type="Node3D" parent="."]
transform = Transform3D(1, 0, 0, 0, 1, 0, 0, 0, 1, 463.164, -21.9458, -196.633)

[connection signal="transitioned" from="FinishLine/TransitionScreen" to="FinishLine" method="_on_transition_screen_transitioned"]
